0.90671223
0.90671223
0.90671223
0.90671223
0.90671223
0.90671223
0.02459535
0.02459535
0.02459535
0.02459535
0.02459535
0.02459535
0.02459535
0.02459535
0.02459535
0.02459535
0.02459535
0.10887784
0.10887784
0.10887784
0.10887784
0.10887784
0.10887784
0.10887784
0.10887784
0.10887784
0.10887784
0.10887784
0.36904997
0.36904997
0.36904997
0.36904997
0.36904997
0.36904997
0.36904997
0.36904997
0.36904997
0.36904997
0.36904997
0.36904997
0.4501791
0.4501791
0.4501791
0.4501791
0.4501791
0.4501791
0.4501791
0.4501791
0.4501791
0.4501791
0.4501791
0.053563893
0.053563893
0.053563893
0.053563893
0.053563893
0.053563893
0.053563893
0.053563893
0.053563893
0.053563893
0.053563893
0.0038057566
0.0038057566
0.0038057566
0.0038057566
0.0038057566
0.0038057566
0.0038057566
0.0038057566
0.0038057566
0.0038057566
0.0038057566
0.0033525527
0.0033525527
0.0033525527
0.0033525527
0.0033525527
0.0033525527
0.0033525527
0.0033525527
0.0033525527
0.0033525527
0.0033525527
0.048746854
0.048746854
0.048746854
0.048746854
0.048746854
0.048746854
0.048746854
0.048746854
0.048746854
0.048746854
0.048746854
0.44855908
0.44855908
0.44855908
0.44855908
0.44855908
0.44855908
0.44855908
0.44855908
0.44855908
0.44855908
0.44855908
0.44855908
0.36119616
0.36119616
0.36119616
0.36119616
0.36119616
0.36119616
0.36119616
0.36119616
0.36119616
0.36119616
0.36119616
0.599667
0.599667
0.599667
0.599667
0.599667
0.599667
0.599667
0.599667
0.599667
0.599667
0.599667
0.8390825
0.8390825
0.8390825
0.8390825
0.8390825
0.8390825
0.8390825
0.8390825
0.8390825
0.8390825
0.8390825
0.7815479
0.7815479
0.7815479
0.7815479
0.7815479
0.7815479
0.7815479
0.7815479
0.7815479
0.7815479
0.7815479
0.655977
0.655977
0.655977
0.655977
0.655977
0.655977
0.655977
0.655977
0.655977
0.655977
0.655977
0.6952573
0.6952573
0.6952573
0.6952573
0.6952573
0.6952573
0.6952573
0.6952573
0.6952573
0.6952573
0.6952573
0.22894374
0.22894374
0.22894374
0.22894374
0.22894374
0.22894374
0.22894374
0.22894374
0.22894374
0.22894374
0.22894374
0.22894374
0.047682524
0.047682524
0.047682524
0.047682524
0.047682524
0.047682524
0.047682524
0.047682524
0.047682524
0.047682524
0.047682524
0.054740846
0.054740846
0.054740846
0.054740846
0.054740846
0.054740846
0.054740846
0.054740846
0.054740846
0.054740846
0.054740846
0.058870107
0.058870107
0.058870107
0.058870107
0.058870107
0.058870107
0.058870107
0.058870107
0.058870107
0.058870107
0.058870107
0.03111896
0.03111896
0.03111896
0.03111896
0.03111896
0.03111896
0.03111896
0.03111896
0.03111896
0.03111896
0.03111896
0.041324407
0.041324407
0.041324407
0.041324407
0.041324407
0.041324407
0.041324407
0.041324407
0.041324407
0.041324407
0.041324407
0.105701864
0.105701864
0.105701864
0.105701864
0.105701864
0.105701864
0.105701864
0.105701864
0.105701864
0.105701864
0.105701864
0.105701864
0.9021679
0.9021679
0.9021679
0.9021679
0.9021679
0.9021679
0.9021679
0.9021679
0.9021679
0.9021679
0.9021679
0.9999996
0.9999996
0.9999996
0.9999996
0.9999996
0.9999996
0.9999996
0.9999996
0.9999996
0.9999996
0.9999996
0.9999998
0.9999998
0.9999998
0.9999998
0.9999998
0.9999998
0.9999998
0.9999998
0.9999998
0.9999998
0.9999998
1.0
1.0
1.0
1.0
1.0
1.0
1.0
1.0
1.0
1.0
1.0
1.0
1.0
1.0
1.0
1.0
1.0
1.0
1.0
1.0
1.0
1.0
0.9999983
0.9999983
0.9999983
0.9999983
0.9999983
0.9999983
0.9999983
0.9999983
0.9999983
0.9999983
0.9999983
0.9999983
0.99999
0.99999
0.99999
0.99999
0.99999
0.99999
0.99999
0.99999
0.99999
0.99999
0.99999
0.99811304
0.99811304
0.99811304
0.99811304
0.99811304
0.99811304
0.99811304
0.99811304
0.99811304
0.99811304
0.99811304
0.99315596
0.99315596
0.99315596
0.99315596
0.99315596
0.99315596
